Cycle count [x, y, z]: [1000, 1000, 1000] ; Measurement rate: 0x95
-1.021410000000000036e+04 -1.098630000000000109e+04 -2.412720000000000073e+04 2.841035737790005442e+04 0.000000000000000000e+00 0.000000000000000000e+00
-1.021950000000000000e+04 -1.099980000000000109e+04 -2.410830000000000291e+04 2.840147723587630753e+04 3.169870376586914062e-02 3.169870376586914062e-02
-1.022760000000000036e+04 -1.101330000000000109e+04 -2.409210000000000218e+04 2.839587753636080379e+04 6.345772743225097656e-02 3.175902366638183594e-02
-1.022220000000000073e+04 -1.101600000000000000e+04 -2.407590000000000146e+04 2.838123657718246977e+04 9.516525268554687500e-02 3.170752525329589844e-02
-1.022760000000000036e+04 -1.098630000000000109e+04 -2.405430000000000291e+04 2.835334086029369792e+04 1.269471645355224609e-01 3.178191184997558594e-02
-1.024380000000000109e+04 -1.096740000000000146e+04 -2.408130000000000291e+04 2.837478301044785621e+04 1.586587429046630859e-01 3.171157836914062500e-02
-1.024920000000000073e+04 -1.095930000000000109e+04 -2.409750000000000000e+04 2.838735393410241886e+04 1.904714107513427734e-01 3.181266784667968750e-02
-1.025190000000000146e+04 -1.094040000000000146e+04 -2.411640000000000146e+04 2.839708708177653898e+04 2.221589088439941406e-01 3.168749809265136719e-02
-1.023030000000000109e+04 -1.094310000000000036e+04 -2.412720000000000073e+04 2.839951153699654969e+04 2.538805007934570312e-01 3.172159194946289062e-02
-1.024920000000000073e+04 -1.095930000000000109e+04 -2.413530000000000291e+04 2.841944867902965416e+04 2.855725288391113281e-01 3.169202804565429688e-02
-1.020870000000000073e+04 -1.097550000000000000e+04 -2.415420000000000073e+04 2.842717948689246987e+04 3.173267841339111328e-01 3.175425529479980469e-02
-1.020870000000000073e+04 -1.100520000000000073e+04 -2.410830000000000291e+04 2.839968506198616524e+04 3.491406440734863281e-01 3.181385993957519531e-02
-1.021410000000000036e+04 -1.101600000000000000e+04 -2.409210000000000218e+04 2.839206539193652861e+04 3.807718753814697266e-01 3.163123130798339844e-02
-1.023300000000000000e+04 -1.102140000000000146e+04 -2.408940000000000146e+04 2.839867495711727679e+04 4.125301837921142578e-01 3.175830841064453125e-02
-1.023840000000000146e+04 -1.099980000000000109e+04 -2.406780000000000291e+04 2.837392167889381017e+04 4.443252086639404297e-01 3.179502487182617188e-02
-1.023030000000000109e+04 -1.098630000000000109e+04 -2.406780000000000291e+04 2.836576850043023296e+04 4.760982990264892578e-01 3.177309036254882812e-02
-1.023030000000000109e+04 -1.097550000000000000e+04 -2.410020000000000073e+04 2.838908731150052336e+04 5.077791213989257812e-01 3.168082237243652344e-02
-1.023300000000000000e+04 -1.094580000000000109e+04 -2.412450000000000000e+04 2.839923109680964626e+04 5.395340919494628906e-01 3.175497055053710938e-02
-1.024920000000000073e+04 -1.094850000000000000e+04 -2.412450000000000000e+04 2.840611295372881432e+04 5.713078975677490234e-01 3.177380561828613281e-02
-1.022760000000000036e+04 -1.094850000000000000e+04 -2.412720000000000073e+04 2.840062030748624238e+04 6.030023097991943359e-01 3.169441223144531250e-02
-1.022220000000000073e+04 -1.097550000000000000e+04 -2.412720000000000073e+04 2.840909630611294415e+04 6.347391605377197266e-01 3.173685073852539062e-02
-1.020060000000000036e+04 -1.100250000000000000e+04 -2.411910000000000218e+04 2.840489801812356745e+04 6.664643287658691406e-01 3.172516822814941406e-02
-1.018980000000000109e+04 -1.100250000000000000e+04 -2.411370000000000073e+04 2.839643565625798874e+04 6.981480121612548828e-01 3.168368339538574219e-02
-1.021410000000000036e+04 -1.101330000000000109e+04 -2.407860000000000218e+04 2.837956295752279766e+04 7.299644947052001953e-01 3.181648254394531250e-02
-1.023030000000000109e+04 -1.100790000000000146e+04 -2.406780000000000291e+04 2.837414134982766700e+04 7.617235183715820312e-01 3.175902366638183594e-02
-1.022490000000000146e+04 -1.099440000000000146e+04 -2.407320000000000073e+04 2.837154154447727706e+04 7.934384346008300781e-01 3.171491622924804688e-02
-1.024920000000000073e+04 -1.098090000000000146e+04 -2.405430000000000291e+04 2.835904818466233701e+04 8.252191543579101562e-01 3.178071975708007812e-02
-1.022220000000000073e+04 -1.095120000000000073e+04 -2.408130000000000291e+04 2.836073278266977650e+04 8.569366931915283203e-01 3.171753883361816406e-02
-1.022760000000000036e+04 -1.095930000000000109e+04 -2.411370000000000073e+04 2.839331938925070426e+04 8.886513710021972656e-01 3.171467781066894531e-02
-1.023300000000000000e+04 -1.095390000000000146e+04 -2.413530000000000291e+04 2.841152794729632660e+04 9.203753471374511719e-01 3.172397613525390625e-02
-1.021410000000000036e+04 -1.097550000000000000e+04 -2.414070000000000073e+04 2.841765007086264814e+04 9.520485401153564453e-01 3.167319297790527344e-02
-1.020870000000000073e+04 -1.099170000000000073e+04 -2.411370000000000073e+04 2.839904139702606335e+04 9.838948249816894531e-01 3.184628486633300781e-02
-1.019520000000000073e+04 -1.100250000000000000e+04 -2.410560000000000218e+04 2.839149627353232790e+04 1.015604734420776367e+00 3.170990943908691406e-02
-1.019250000000000000e+04 -1.099980000000000109e+04 -2.408400000000000000e+04 2.837114224507007748e+04 1.047357320785522461e+00 3.175258636474609375e-02
-1.021680000000000109e+04 -1.099980000000000109e+04 -2.406510000000000218e+04 2.836384389129936244e+04 1.079010963439941406e+00 3.165364265441894531e-02
-1.023030000000000109e+04 -1.099710000000000036e+04 -2.406780000000000291e+04 2.836995317831878492e+04 1.110794067382812500e+00 3.178310394287109375e-02
-1.024650000000000000e+04 -1.097280000000000109e+04 -2.407590000000000146e+04 2.837326316975190639e+04 1.142545223236083984e+00 3.175115585327148438e-02
-1.023300000000000000e+04 -1.095930000000000109e+04 -2.408940000000000146e+04 2.837463194210631627e+04 1.174206972122192383e+00 3.166174888610839844e-02
-1.024110000000000036e+04 -1.095120000000000073e+04 -2.410290000000000146e+04 2.838588908348653786e+04 1.205964326858520508e+00 3.175735473632812500e-02
-1.022490000000000146e+04 -1.094040000000000146e+04 -2.411370000000000073e+04 2.838505698179942192e+04 1.237686395645141602e+00 3.172206878662109375e-02
-1.023300000000000000e+04 -1.096740000000000146e+04 -2.413530000000000291e+04 2.841673552415900122e+04 1.269514083862304688e+00 3.182768821716308594e-02
-1.023030000000000109e+04 -1.095930000000000109e+04 -2.412180000000000291e+04 2.840117127549496217e+04 1.301251649856567383e+00 3.173756599426269531e-02
-1.023300000000000000e+04 -1.099440000000000146e+04 -2.412450000000000000e+04 2.841799818090640838e+04 1.332960128784179688e+00 3.170847892761230469e-02
-1.022760000000000036e+04 -1.100250000000000000e+04 -2.408670000000000073e+04 2.838710842794665587e+04 1.364732742309570312e+00 3.177261352539062500e-02
-1.022490000000000146e+04 -1.101870000000000073e+04 -2.407590000000000146e+04 2.838325722164389299e+04 1.396453380584716797e+00 3.172063827514648438e-02
-1.022220000000000073e+04 -1.101330000000000109e+04 -2.405970000000000073e+04 2.836644697208305661e+04 1.428110599517822266e+00 3.165721893310546875e-02
-1.024380000000000109e+04 -1.098900000000000000e+04 -2.405430000000000291e+04 2.836023462402947553e+04 1.459842920303344727e+00 3.173232078552246094e-02
-1.025730000000000109e+04 -1.097550000000000000e+04 -2.407590000000000146e+04 2.837820932247135715e+04 1.491659164428710938e+00 3.181624412536621094e-02
-1.024110000000000036e+04 -1.095390000000000146e+04 -2.409480000000000291e+04 2.838005358451601205e+04 1.523322582244873047e+00 3.166341781616210938e-02
-1.022760000000000036e+04 -1.095120000000000073e+04 -2.410020000000000073e+04 2.837872835840253174e+04 1.555084466934204102e+00 3.176188468933105469e-02
-1.023030000000000109e+04 -1.095390000000000146e+04 -2.412720000000000073e+04 2.840367481753021639e+04 1.586845636367797852e+00 3.176116943359375000e-02
-1.022490000000000146e+04 -1.097010000000000036e+04 -2.412990000000000146e+04 2.841027539518053163e+04 1.618596792221069336e+00 3.175115585327148438e-02
-1.022220000000000073e+04 -1.099170000000000073e+04 -2.411640000000000146e+04 2.840618930250941048e+04 1.650341749191284180e+00 3.174495697021484375e-02
-1.021410000000000036e+04 -1.099440000000000146e+04 -2.409480000000000291e+04 2.838598346385060722e+04 1.682054042816162109e+00 3.171229362487792969e-02
-1.021680000000000109e+04 -1.101330000000000109e+04 -2.405970000000000073e+04 2.836450146256760854e+04 1.713730573654174805e+00 3.167653083801269531e-02
-1.022760000000000036e+04 -1.100250000000000000e+04 -2.405970000000000073e+04 2.836420229972984816e+04 1.745531797409057617e+00 3.180122375488281250e-02
-1.022760000000000036e+04 -1.099440000000000146e+04 -2.405430000000000291e+04 2.835648041647623177e+04 1.777219533920288086e+00 3.168773651123046875e-02
-1.023300000000000000e+04 -1.098090000000000146e+04 -2.406240000000000146e+04 2.836006959741107858e+04 1.808921575546264648e+00 3.170204162597656250e-02
-1.023570000000000073e+04 -1.095930000000000109e+04 -2.406240000000000146e+04 2.835268778687481245e+04 1.840629100799560547e+00 3.170752525329589844e-02
-1.022490000000000146e+04 -1.094310000000000036e+04 -2.410020000000000073e+04 2.837463052904830329e+04 1.872416973114013672e+00 3.178787231445312500e-02
-1.024110000000000036e+04 -1.095390000000000146e+04 -2.410830000000000291e+04 2.839151604458628208e+04 1.904092550277709961e+00 3.167557716369628906e-02
-1.022490000000000146e+04 -1.095120000000000073e+04 -2.411910000000000218e+04 2.839380823806486296e+04 1.935799598693847656e+00 3.170704841613769531e-02
-1.021680000000000109e+04 -1.099710000000000036e+04 -2.414070000000000073e+04 2.842696971433993895e+04 1.967655658721923828e+00 3.185606002807617188e-02
-1.021950000000000000e+04 -1.101060000000000036e+04 -2.409210000000000218e+04 2.839191390202499315e+04 1.999354600906372070e+00 3.169894218444824219e-02
-1.021140000000000146e+04 -1.101060000000000036e+04 -2.408130000000000291e+04 2.837983460152649059e+04 2.031034231185913086e+00 3.167963027954101562e-02
-1.021950000000000000e+04 -1.101330000000000109e+04 -2.406780000000000291e+04 2.837234487982972860e+04 2.062736511230468750e+00 3.170228004455566406e-02
-1.022760000000000036e+04 -1.101330000000000109e+04 -2.404890000000000146e+04 2.835923429608070728e+04 2.094581604003906250e+00 3.184509277343750000e-02
-1.024650000000000000e+04 -1.098900000000000000e+04 -2.404080000000000291e+04 2.834976098470673242e+04 2.126265764236450195e+00 3.168416023254394531e-02
-1.024380000000000109e+04 -1.097010000000000036e+04 -2.404620000000000073e+04 2.834604499555449729e+04 2.158022880554199219e+00 3.175711631774902344e-02
-1.023300000000000000e+04 -1.095660000000000036e+04 -2.408400000000000000e+04 2.836900471571041635e+04 2.189655780792236328e+00 3.163290023803710938e-02
-1.023030000000000109e+04 -1.094850000000000000e+04 -2.410830000000000291e+04 2.838553891033249602e+04 2.221469640731811523e+00 3.181385993957519531e-02
-1.022760000000000036e+04 -1.094850000000000000e+04 -2.410560000000000218e+04 2.838227273087904177e+04 2.253158569335937500e+00 3.168892860412597656e-02
-1.023300000000000000e+04 -1.097010000000000036e+04 -2.411640000000000146e+04 2.840172762298096495e+04 2.284866333007812500e+00 3.170776367187500000e-02
-1.021680000000000109e+04 -1.098360000000000036e+04 -2.411640000000000146e+04 2.840111300917624249e+04 2.316621541976928711e+00 3.175520896911621094e-02
-1.021680000000000109e+04 -1.099170000000000073e+04 -2.408670000000000073e+04 2.837903430386594482e+04 2.348308563232421875e+00 3.168702125549316406e-02
-1.021410000000000036e+04 -1.101330000000000109e+04 -2.405430000000000291e+04 2.835894857342211617e+04 2.380047321319580078e+00 3.173875808715820312e-02
-1.022760000000000036e+04 -1.101060000000000036e+04 -2.404890000000000146e+04 2.835818586105253780e+04 2.411786317825317383e+00 3.173899650573730469e-02
-1.022760000000000036e+04 -1.099170000000000073e+04 -2.405970000000000073e+04 2.836001471685090655e+04 2.443533897399902344e+00 3.174757957458496094e-02
-1.023030000000000109e+04 -1.096740000000000146e+04 -2.405700000000000000e+04 2.834928834821078999e+04 2.475253820419311523e+00 3.171992301940917969e-02
-1.024110000000000036e+04 -1.096740000000000146e+04 -2.406780000000000291e+04 2.836235160930771963e+04 2.507015466690063477e+00 3.176164627075195312e-02
-1.025190000000000146e+04 -1.095120000000000073e+04 -2.408940000000000146e+04 2.837832671969931471e+04 2.538795709609985352e+00 3.178024291992187500e-02
-1.024650000000000000e+04 -1.095120000000000073e+04 -2.413530000000000291e+04 2.841535236065180652e+04 2.570454835891723633e+00 3.165912628173828125e-02
-1.022220000000000073e+04 -1.096740000000000146e+04 -2.413800000000000000e+04 2.841514173112638309e+04 2.602245807647705078e+00 3.179097175598144531e-02
-1.020870000000000073e+04 -1.098630000000000109e+04 -2.410290000000000146e+04 2.838778138196079817e+04 2.633990526199340820e+00 3.174471855163574219e-02
-1.020060000000000036e+04 -1.100250000000000000e+04 -2.408940000000000146e+04 2.837968356007515467e+04 2.665719270706176758e+00 3.172874450683593750e-02
-1.022490000000000146e+04 -1.101330000000000109e+04 -2.407860000000000218e+04 2.838345177845711441e+04 2.697445392608642578e+00 3.172612190246582031e-02
-1.022220000000000073e+04 -1.101600000000000000e+04 -2.406240000000000146e+04 2.836978538163445774e+04 2.729110240936279297e+00 3.166484832763671875e-02
-1.022490000000000146e+04 -1.099440000000000146e+04 -2.405160000000000218e+04 2.835321628898562994e+04 2.760870933532714844e+00 3.176069259643554688e-02
-1.023030000000000109e+04 -1.099440000000000146e+04 -2.407590000000000146e+04 2.837577893662128190e+04 2.792640447616577148e+00 3.176951408386230469e-02
-1.022760000000000036e+04 -1.095120000000000073e+04 -2.407590000000000146e+04 2.835809485861136272e+04 2.824394941329956055e+00 3.175449371337890625e-02
-1.025190000000000146e+04 -1.096200000000000000e+04 -2.410020000000000073e+04 2.839166317160726248e+04 2.856038331985473633e+00 3.164339065551757812e-02
-1.023840000000000146e+04 -1.095390000000000146e+04 -2.412720000000000073e+04 2.840659324188664687e+04 2.887844562530517578e+00 3.180623054504394531e-02
-1.021410000000000036e+04 -1.097010000000000036e+04 -2.413800000000000000e+04 2.841327113902938072e+04 2.919514656066894531e+00 3.167009353637695312e-02
-1.021950000000000000e+04 -1.097010000000000036e+04 -2.413800000000000000e+04 2.841521279631739890e+04 2.951253890991210938e+00 3.173923492431640625e-02
-1.021140000000000146e+04 -1.098900000000000000e+04 -2.412180000000000291e+04 2.840584528226541079e+04 2.982968807220458984e+00 3.171491622924804688e-02
-1.022220000000000073e+04 -1.102410000000000036e+04 -2.409750000000000000e+04 2.840270515109432381e+04 3.014798641204833984e+00 3.182983398437500000e-02
-1.021680000000000109e+04 -1.101600000000000000e+04 -2.407590000000000146e+04 2.837929208155129527e+04 3.046525001525878906e+00 3.172636032104492188e-02
-1.020600000000000000e+04 -1.101060000000000036e+04 -2.406780000000000291e+04 2.836643694932446306e+04 3.078164339065551758e+00 3.163933753967285156e-02
-1.022760000000000036e+04 -1.099440000000000146e+04 -2.406780000000000291e+04 2.836793312809377312e+04 3.109949588775634766e+00 3.178524971008300781e-02
-1.022490000000000146e+04 -1.096470000000000073e+04 -2.407320000000000073e+04 2.836004556308046449e+04 3.141614437103271484e+00 3.166484832763671875e-02
-1.023570000000000073e+04 -1.095390000000000146e+04 -2.408400000000000000e+04 2.836893610447878746e+04 3.173441886901855469e+00 3.182744979858398438e-02
-1.023840000000000146e+04 -1.095120000000000073e+04 -2.410290000000000146e+04 2.838491508548158527e+04 3.205151796340942383e+00 3.170990943908691406e-02
-1.024110000000000036e+04 -1.095930000000000109e+04 -2.413260000000000218e+04 2.841423531365924646e+04 3.236918687820434570e+00 3.176689147949218750e-02
-1.021950000000000000e+04 -1.097280000000000109e+04 -2.414610000000000218e+04 2.842313609192342847e+04 3.268628358840942383e+00 3.170967102050781250e-02
-1.021680000000000109e+04 -1.098900000000000000e+04 -2.413260000000000218e+04 2.841695807084213811e+04 3.300305366516113281e+00 3.167700767517089844e-02
-1.021680000000000109e+04 -1.100520000000000073e+04 -2.412180000000000291e+04 2.841405751595502443e+04 3.332082271575927734e+00 3.177690505981445312e-02
-1.021950000000000000e+04 -1.101870000000000073e+04 -2.407590000000000146e+04 2.838131235073529751e+04 3.363754034042358398e+00 3.167176246643066406e-02
-1.021140000000000146e+04 -1.101330000000000109e+04 -2.405700000000000000e+04 2.836026649821894898e+04 3.395562648773193359e+00 3.180861473083496094e-02
-1.024110000000000036e+04 -1.099710000000000036e+04 -2.406510000000000218e+04 2.837155927385733594e+04 3.427248716354370117e+00 3.168606758117675781e-02
-1.025190000000000146e+04 -1.097280000000000109e+04 -2.405160000000000218e+04 2.835459849847992518e+04 3.458939552307128906e+00 3.169083595275878906e-02
-1.024380000000000109e+04 -1.095930000000000109e+04 -2.408670000000000073e+04 2.837623674520636632e+04 3.490749359130859375e+00 3.180980682373046875e-02
-1.023300000000000000e+04 -1.094310000000000036e+04 -2.409210000000000218e+04 2.837067163498249283e+04 3.522412300109863281e+00 3.166294097900390625e-02
-1.021680000000000109e+04 -1.095390000000000146e+04 -2.411370000000000073e+04 2.838734674357573749e+04 3.554131507873535156e+00 3.171920776367187500e-02
-1.020600000000000000e+04 -1.096470000000000073e+04 -2.410830000000000291e+04 2.838304442761558676e+04 3.585906982421875000e+00 3.177547454833984375e-02
-1.020870000000000073e+04 -1.097550000000000000e+04 -2.411370000000000073e+04 2.839277520127259777e+04 3.617566108703613281e+00 3.165912628173828125e-02
-1.023030000000000109e+04 -1.099980000000000109e+04 -2.410560000000000218e+04 2.840307359230687507e+04 3.649403810501098633e+00 3.183770179748535156e-02
-1.022490000000000146e+04 -1.100520000000000073e+04 -2.408670000000000073e+04 2.838718238818358077e+04 3.681119680404663086e+00 3.171586990356445312e-02
-1.022490000000000146e+04 -1.101600000000000000e+04 -2.404890000000000146e+04 2.835930935724634401e+04 3.712803602218627930e+00 3.168392181396484375e-02
-1.022490000000000146e+04 -1.100790000000000146e+04 -2.405160000000000218e+04 2.835845385383343091e+04 3.744546651840209961e+00 3.174304962158203125e-02
-1.021950000000000000e+04 -1.098900000000000000e+04 -2.407050000000000000e+04 2.836521234716919935e+04 3.776329517364501953e+00 3.178286552429199219e-02
-1.023300000000000000e+04 -1.095930000000000109e+04 -2.405970000000000073e+04 2.834942167981562307e+04 3.808028936386108398e+00 3.169941902160644531e-02
-1.023570000000000073e+04 -1.094850000000000000e+04 -2.407320000000000073e+04 2.835768264474373427e+04 3.839761257171630859e+00 3.173232078552246094e-02
-1.024110000000000036e+04 -1.094040000000000146e+04 -2.411100000000000000e+04 2.838860338886011596e+04 3.871403694152832031e+00 3.164243698120117188e-02
-1.023300000000000000e+04 -1.096740000000000146e+04 -2.412180000000000291e+04 2.840527040885194947e+04 3.903234243392944336e+00 3.183054924011230469e-02
-1.020600000000000000e+04 -1.097280000000000109e+04 -2.413260000000000218e+04 2.840681535477006037e+04 3.934961318969726562e+00 3.172707557678222656e-02
-1.021140000000000146e+04 -1.099440000000000146e+04 -2.412180000000000291e+04 2.840793474647532639e+04 3.966656923294067383e+00 3.169560432434082031e-02
-1.018710000000000036e+04 -1.101060000000000036e+04 -2.409480000000000291e+04 2.838255988824828091e+04 3.998429536819458008e+00 3.177261352539062500e-02
-1.021950000000000000e+04 -1.103220000000000073e+04 -2.406780000000000291e+04 2.837968664256179181e+04 4.030098915100097656e+00 3.166937828063964844e-02
-1.023030000000000109e+04 -1.101600000000000000e+04 -2.406240000000000146e+04 2.837270497943402370e+04 4.061828851699829102e+00 3.172993659973144531e-02
-1.022760000000000036e+04 -1.099710000000000036e+04 -2.405160000000000218e+04 2.835523713055491316e+04 4.093506097793579102e+00 3.167724609375000000e-02
-1.023030000000000109e+04 -1.097820000000000073e+04 -2.404890000000000146e+04 2.834659599563940719e+04 4.125331163406372070e+00 3.182506561279296875e-02
-1.022760000000000036e+04 -1.094580000000000109e+04 -2.406510000000000218e+04 2.834684069539320262e+04 4.157035350799560547e+00 3.170418739318847656e-02
-1.024650000000000000e+04 -1.093770000000000073e+04 -2.409210000000000218e+04 2.837346164904804391e+04 4.188786029815673828e+00 3.175067901611328125e-02
-1.023840000000000146e+04 -1.095930000000000109e+04 -2.411100000000000000e+04 2.839491877167462735e+04 4.220432519912719727e+00 3.164649009704589844e-02
-1.023840000000000146e+04 -1.096200000000000000e+04 -2.411370000000000073e+04 2.839825357746493682e+04 4.252137184143066406e+00 3.170466423034667969e-02
-1.022760000000000036e+04 -1.099170000000000073e+04 -2.410830000000000291e+04 2.840125700633688757e+04 4.283919811248779297e+00 3.178262710571289062e-02
-1.023570000000000073e+04 -1.099440000000000146e+04 -2.412180000000000291e+04 2.841667857245107734e+04 4.315589189529418945e+00 3.166937828063964844e-02
-1.022490000000000146e+04 -1.100790000000000146e+04 -2.407320000000000073e+04 2.837677572699196025e+04 4.347306966781616211e+00 3.171777725219726562e-02
-1.020600000000000000e+04 -1.100520000000000073e+04 -2.404080000000000291e+04 2.834143482041796960e+04 4.379041433334350586e+00 3.173446655273437500e-02
-1.022490000000000146e+04 -1.100520000000000073e+04 -2.404620000000000073e+04 2.835282598772122583e+04 4.410883903503417969e+00 3.184247016906738281e-02
-1.024110000000000036e+04 -1.098360000000000036e+04 -2.405160000000000218e+04 2.835487719476139682e+04 4.442538499832153320e+00 3.165459632873535156e-02
-1.022220000000000073e+04 -1.095930000000000109e+04 -2.406780000000000291e+04 2.835240071263807840e+04 4.474365472793579102e+00 3.182697296142578125e-02
-1.024650000000000000e+04 -1.095120000000000073e+04 -2.409210000000000218e+04 2.837866850470614008e+04 4.506007432937622070e+00 3.164196014404296875e-02
-1.024380000000000109e+04 -1.094580000000000109e+04 -2.410560000000000218e+04 2.838707324540520858e+04 4.537765502929687500e+00 3.175806999206542969e-02
-1.023030000000000109e+04 -1.097010000000000036e+04 -2.411640000000000146e+04 2.840075493820542761e+04 4.569407463073730469e+00 3.164196014404296875e-02
-1.021410000000000036e+04 -1.096740000000000146e+04 -2.412180000000000291e+04 2.839846715599277013e+04 4.601199150085449219e+00 3.179168701171875000e-02
-1.020330000000000109e+04 -1.099710000000000036e+04 -2.411640000000000146e+04 2.840148390947205553e+04 4.632979631423950195e+00 3.178048133850097656e-02
-1.021140000000000146e+04 -1.100520000000000073e+04 -2.408130000000000291e+04 2.837773998559434767e+04 4.664664983749389648e+00 3.168535232543945312e-02
-1.022220000000000073e+04 -1.101600000000000000e+04 -2.407320000000000073e+04 2.837894619396569396e+04 4.696320056915283203e+00 3.165507316589355469e-02
-1.023300000000000000e+04 -1.100790000000000146e+04 -2.404890000000000146e+04 2.835908571551629211e+04 4.728071451187133789e+00 3.175139427185058594e-02
-1.023300000000000000e+04 -1.098630000000000109e+04 -2.405430000000000291e+04 2.835528919231825057e+04 4.759887456893920898e+00 3.181600570678710938e-02
-1.024110000000000036e+04 -1.097280000000000109e+04 -2.404620000000000073e+04 2.834611443372795111e+04 4.791619539260864258e+00 3.173208236694335938e-02
-1.024650000000000000e+04 -1.095930000000000109e+04 -2.405160000000000218e+04 2.834742459730689734e+04 4.823260068893432617e+00 3.164052963256835938e-02
-1.024110000000000036e+04 -1.093770000000000073e+04 -2.410020000000000073e+04 2.837839055584372181e+04 4.854994773864746094e+00 3.173470497131347656e-02
-1.026540000000000146e+04 -1.095120000000000073e+04 -2.412180000000000291e+04 2.841071019598067141e+04 4.886688470840454102e+00 3.169369697570800781e-02
-1.021410000000000036e+04 -1.097010000000000036e+04 -2.412720000000000073e+04 2.840409675839032934e+04 4.918453454971313477e+00 3.176498413085937500e-02
-1.021950000000000000e+04 -1.098630000000000109e+04 -2.410290000000000146e+04 2.839166702308971799e+04 4.950195312500000000e+00 3.174185752868652344e-02
-1.020870000000000073e+04 -1.100520000000000073e+04 -2.410560000000000218e+04 2.839739308616197741e+04 4.984081029891967773e+00 3.388571739196777344e-02
-1.021410000000000036e+04 -1.101060000000000036e+04 -2.406780000000000291e+04 2.836935226631020851e+04 5.014750957489013672e+00 3.066992759704589844e-02
-1.023030000000000109e+04 -1.102950000000000000e+04 -2.405160000000000218e+04 2.836879220023299058e+04 5.045647382736206055e+00 3.089642524719238281e-02
-1.024110000000000036e+04 -1.101330000000000109e+04 -2.405160000000000218e+04 2.836639505929507504e+04 5.077117919921875000e+00 3.147053718566894531e-02
-1.024920000000000073e+04 -1.098630000000000109e+04 -2.406510000000000218e+04 2.837030007490227581e+04 5.108839511871337891e+00 3.172159194946289062e-02
-1.023840000000000146e+04 -1.095930000000000109e+04 -2.407050000000000000e+04 2.836053704181216744e+04 5.140544176101684570e+00 3.170466423034667969e-02
-1.022760000000000036e+04 -1.095120000000000073e+04 -2.410020000000000073e+04 2.837872835840253174e+04 5.172376155853271484e+00 3.183197975158691406e-02
-1.023300000000000000e+04 -1.094850000000000000e+04 -2.411640000000000146e+04 2.839339166443487920e+04 5.204051256179809570e+00 3.167510032653808594e-02
-1.021950000000000000e+04 -1.096740000000000146e+04 -2.412180000000000291e+04 2.840040982538808748e+04 5.235775947570800781e+00 3.172469139099121094e-02
-1.022220000000000073e+04 -1.098630000000000109e+04 -2.411910000000000218e+04 2.840639268439412626e+04 5.267506599426269531e+00 3.173065185546875000e-02
-1.023030000000000109e+04 -1.101600000000000000e+04 -2.409480000000000291e+04 2.840018804744081353e+04 5.299207687377929688e+00 3.170108795166015625e-02
-1.021680000000000109e+04 -1.101060000000000036e+04 -2.407860000000000218e+04 2.837948717929906707e+04 5.331002473831176758e+00 3.179478645324707031e-02
-1.020330000000000109e+04 -1.102140000000000146e+04 -2.405160000000000218e+04 2.835591739672691619e+04 5.362647533416748047e+00 3.164505958557128906e-02
-1.020060000000000036e+04 -1.099980000000000109e+04 -2.407320000000000073e+04 2.836488672002763633e+04 5.394390583038330078e+00 3.174304962158203125e-02
-1.021950000000000000e+04 -1.099170000000000073e+04 -2.406510000000000218e+04 2.836167638116619128e+04 5.426196575164794922e+00 3.180599212646484375e-02
-1.023840000000000146e+04 -1.096470000000000073e+04 -2.405700000000000000e+04 2.835116804736623453e+04 5.457906961441040039e+00 3.171038627624511719e-02
-1.024650000000000000e+04 -1.096200000000000000e+04 -2.409480000000000291e+04 2.838512979167084995e+04 5.489575624465942383e+00 3.166866302490234375e-02
-1.024650000000000000e+04 -1.095390000000000146e+04 -2.410020000000000073e+04 2.838658710553278434e+04 5.521309375762939453e+00 3.173375129699707031e-02
-1.022760000000000036e+04 -1.095930000000000109e+04 -2.409750000000000000e+04 2.837956244377280746e+04 5.553109169006347656e+00 3.179979324340820312e-02
-1.021410000000000036e+04 -1.097820000000000073e+04 -2.411100000000000000e+04 2.839346817579705021e+04 5.584787368774414062e+00 3.167819976806640625e-02
-1.021950000000000000e+04 -1.098900000000000000e+04 -2.410020000000000073e+04 2.839041988576428412e+04 5.616583108901977539e+00 3.179574012756347656e-02
-1.022490000000000146e+04 -1.099170000000000073e+04 -2.409210000000000218e+04 2.838653433073505948e+04 5.648235082626342773e+00 3.165197372436523438e-02
-1.021410000000000036e+04 -1.101600000000000000e+04 -2.407320000000000073e+04 2.837602955048503645e+04 5.680027961730957031e+00 3.179287910461425781e-02
-1.023030000000000109e+04 -1.100520000000000073e+04 -2.405970000000000073e+04 2.836622338662656693e+04 5.711779594421386719e+00 3.175163269042968750e-02
-1.024110000000000036e+04 -1.100250000000000000e+04 -2.405700000000000000e+04 2.836678311793566900e+04 5.743396997451782227e+00 3.161740303039550781e-02
-1.024650000000000000e+04 -1.097820000000000073e+04 -2.405160000000000218e+04 2.835473681856349140e+04 5.775183200836181641e+00 3.178620338439941406e-02
-1.024650000000000000e+04 -1.096470000000000073e+04 -2.407860000000000218e+04 2.837242298958621177e+04 5.806879758834838867e+00 3.169655799865722656e-02
-1.024380000000000109e+04 -1.095120000000000073e+04 -2.409750000000000000e+04 2.838227838158874874e+04 5.838690280914306641e+00 3.181052207946777344e-02
-1.022760000000000036e+04 -1.094850000000000000e+04 -2.413260000000000218e+04 2.840520791633112094e+04 5.870346784591674805e+00 3.165650367736816406e-02
-1.021410000000000036e+04 -1.092420000000000073e+04 -2.411100000000000000e+04 2.837263303696010553e+04 5.902029275894165039e+00 3.168249130249023438e-02
-1.022760000000000036e+04 -1.098090000000000146e+04 -2.411370000000000073e+04 2.840166358261431378e+04 5.933868885040283203e+00 3.183960914611816406e-02
-1.021680000000000109e+04 -1.099710000000000036e+04 -2.411370000000000073e+04 2.840404440110598443e+04 5.965496778488159180e+00 3.162789344787597656e-02
-1.021680000000000109e+04 -1.102410000000000036e+04 -2.408940000000000146e+04 2.839388975483986360e+04 5.997327089309692383e+00 3.183031082153320312e-02
-1.023570000000000073e+04 -1.099980000000000109e+04 -2.406510000000000218e+04 2.837065724547107311e+04 6.029023170471191406e+00 3.169608116149902344e-02
-1.024380000000000109e+04 -1.100250000000000000e+04 -2.404890000000000146e+04 2.836088919445228021e+04 6.060751914978027344e+00 3.172874450683593750e-02
-1.024650000000000000e+04 -1.097820000000000073e+04 -2.404890000000000146e+04 2.835244660871438828e+04 6.092391967773437500e+00 3.164005279541015625e-02
-1.026270000000000073e+04 -1.095930000000000109e+04 -2.404620000000000073e+04 2.834870371322117353e+04 6.124140977859497070e+00 3.174901008605957031e-02
-1.025730000000000109e+04 -1.095390000000000146e+04 -2.408130000000000291e+04 2.837444516091901096e+04 6.155929327011108398e+00 3.178834915161132812e-02
-1.023570000000000073e+04 -1.094310000000000036e+04 -2.411100000000000000e+04 2.838769650922737492e+04 6.187607765197753906e+00 3.167843818664550781e-02
-1.023570000000000073e+04 -1.095930000000000109e+04 -2.411100000000000000e+04 2.839394534016010948e+04 6.219369649887084961e+00 3.176188468933105469e-02
-1.023300000000000000e+04 -1.095660000000000036e+04 -2.411640000000000146e+04 2.839651601024322736e+04 6.251052379608154297e+00 3.168272972106933594e-02
-1.022220000000000073e+04 -1.099440000000000146e+04 -2.411370000000000073e+04 2.840494203285759431e+04 6.282859563827514648e+00 3.180718421936035156e-02
-1.021410000000000036e+04 -1.100520000000000073e+04 -2.408400000000000000e+04 2.838100283376188236e+04 6.314508914947509766e+00 3.164935111999511719e-02
-1.021140000000000146e+04 -1.102140000000000146e+04 -2.405700000000000000e+04 2.836341299843867819e+04 6.346199750900268555e+00 3.169083595275878906e-02
-1.022220000000000073e+04 -1.101600000000000000e+04 -2.402190000000000146e+04 2.833544261962392557e+04 6.378050088882446289e+00 3.185033798217773438e-02
-1.023570000000000073e+04 -1.098900000000000000e+04 -2.403270000000000073e+04 2.833898983344325461e+04 6.409684181213378906e+00 3.163409233093261719e-02
-1.024650000000000000e+04 -1.096200000000000000e+04 -2.405160000000000218e+04 2.834846854434997658e+04 6.441471338272094727e+00 3.178715705871582031e-02
-1.025190000000000146e+04 -1.095120000000000073e+04 -2.407860000000000218e+04 2.836915954007097753e+04 6.473207473754882812e+00 3.173613548278808594e-02
-1.026270000000000073e+04 -1.094850000000000000e+04 -2.410020000000000073e+04 2.839035581989067214e+04 6.504856586456298828e+00 3.164911270141601562e-02
-1.024380000000000109e+04 -1.095120000000000073e+04 -2.411100000000000000e+04 2.839374122724936387e+04 6.536579847335815430e+00 3.172326087951660156e-02
-1.023570000000000073e+04 -1.098090000000000146e+04 -2.411100000000000000e+04 2.840228934962813946e+04 6.568318367004394531e+00 3.173851966857910156e-02
-1.023840000000000146e+04 -1.098630000000000109e+04 -2.410020000000000073e+04 2.839618393886756530e+04 6.600008010864257812e+00 3.168964385986328125e-02
-1.022760000000000036e+04 -1.099980000000000109e+04 -2.410290000000000146e+04 2.839980968615811071e+04 6.631787776947021484e+00 3.177976608276367188e-02
-1.022760000000000036e+04 -1.102140000000000146e+04 -2.407590000000000146e+04 2.838527823590954358e+04 6.663477182388305664e+00 3.168940544128417969e-02
-1.024380000000000109e+04 -1.100250000000000000e+04 -2.404350000000000000e+04 2.835631035483989035e+04 6.695189476013183594e+00 3.171229362487792969e-02
-1.025460000000000036e+04 -1.100250000000000000e+04 -2.405700000000000000e+04 2.837165974013505183e+04 6.726954698562622070e+00 3.176522254943847656e-02
-1.026000000000000000e+04 -1.097550000000000000e+04 -2.403270000000000073e+04 2.834254521986337204e+04 6.758726596832275391e+00 3.177189826965332031e-02
-1.025460000000000036e+04 -1.095390000000000146e+04 -2.406240000000000146e+04 2.835743006920761400e+04 6.790462493896484375e+00 3.173589706420898438e-02
-1.024920000000000073e+04 -1.095120000000000073e+04 -2.407860000000000218e+04 2.836818393975899380e+04 6.822150945663452148e+00 3.168845176696777344e-02
-1.024920000000000073e+04 -1.095120000000000073e+04 -2.410020000000000073e+04 2.838652007767066971e+04 6.853854179382324219e+00 3.170323371887207031e-02
-1.022760000000000036e+04 -1.096740000000000146e+04 -2.411370000000000073e+04 2.839644682367848873e+04 6.885612726211547852e+00 3.175854682922363281e-02
-1.023300000000000000e+04 -1.097010000000000036e+04 -2.410560000000000218e+04 2.839255772856683325e+04 6.917337179183959961e+00 3.172445297241210938e-02
-1.021410000000000036e+04 -1.099440000000000146e+04 -2.410830000000000291e+04 2.839744353036026587e+04 6.949032306671142578e+00 3.169512748718261719e-02
-1.024110000000000036e+04 -1.102410000000000036e+04 -2.404890000000000146e+04 2.836830099300978691e+04 6.980704784393310547e+00 3.167247772216796875e-02
-1.023030000000000109e+04 -1.100520000000000073e+04 -2.403810000000000218e+04 2.834790497973351376e+04 7.012450218200683594e+00 3.174543380737304688e-02
-1.024920000000000073e+04 -1.101330000000000109e+04 -2.404890000000000146e+04 2.836703136988430197e+04 7.044186830520629883e+00 3.173661231994628906e-02
-1.024380000000000109e+04 -1.099170000000000073e+04 -2.403810000000000218e+04 2.834754237919047955e+04 7.075882196426391602e+00 3.169536590576171875e-02
-1.024650000000000000e+04 -1.096200000000000000e+04 -2.405430000000000291e+04 2.835075933268807785e+04 7.107688665390014648e+00 3.180646896362304688e-02
-1.027080000000000109e+04 -1.096200000000000000e+04 -2.409480000000000291e+04 2.839391067958057829e+04 7.139341592788696289e+00 3.165292739868164062e-02
-1.024380000000000109e+04 -1.094580000000000109e+04 -2.414070000000000073e+04 2.841688534252126919e+04 7.171080827713012695e+00 3.173923492431640625e-02
-1.024110000000000036e+04 -1.095660000000000036e+04 -2.411100000000000000e+04 2.839485047979650699e+04 7.202868700027465820e+00 3.178787231445312500e-02
-1.023300000000000000e+04 -1.097280000000000109e+04 -2.411640000000000146e+04 2.840277060077062561e+04 7.234532356262207031e+00 3.166365623474121094e-02
-1.021950000000000000e+04 -1.099440000000000146e+04 -2.410560000000000218e+04 2.839709426983683807e+04 7.266338825225830078e+00 3.180646896362304688e-02
-1.023300000000000000e+04 -1.100790000000000146e+04 -2.408670000000000073e+04 2.839114771015782753e+04 7.298055887222290039e+00 3.171706199645996094e-02
-1.022220000000000073e+04 -1.101600000000000000e+04 -2.407050000000000000e+04 2.837665588278506038e+04 7.329774856567382812e+00 3.171896934509277344e-02
-1.024650000000000000e+04 -1.100790000000000146e+04 -2.406780000000000291e+04 2.837998628435187129e+04 7.361472129821777344e+00 3.169727325439453125e-02
-1.024380000000000109e+04 -1.098900000000000000e+04 -2.405430000000000291e+04 2.836023462402947553e+04 7.393170833587646484e+00 3.169870376586914062e-02
-1.023840000000000146e+04 -1.096740000000000146e+04 -2.406240000000000146e+04 2.835679444295493886e+04 7.424887657165527344e+00 3.171682357788085938e-02
-1.026270000000000073e+04 -1.095390000000000146e+04 -2.408130000000000291e+04 2.837639769579641870e+04 7.456686496734619141e+00 3.179883956909179688e-02
-1.024920000000000073e+04 -1.094310000000000036e+04 -2.408400000000000000e+04 2.836964212410865002e+04 7.488427162170410156e+00 3.174066543579101562e-02
-1.024920000000000073e+04 -1.095660000000000036e+04 -2.408130000000000291e+04 2.837256058042700170e+04 7.520059585571289062e+00 3.163242340087890625e-02
-1.024110000000000036e+04 -1.095930000000000109e+04 -2.410830000000000291e+04 2.839359988782683649e+04 7.551850557327270508e+00 3.179097175598144531e-02
-1.024380000000000109e+04 -1.098630000000000109e+04 -2.410830000000000291e+04 2.840500580918793275e+04 7.583532810211181641e+00 3.168225288391113281e-02
-1.022490000000000146e+04 -1.099980000000000109e+04 -2.409480000000000291e+04 2.839196307214420449e+04 7.615336894989013672e+00 3.180408477783203125e-02
-1.023570000000000073e+04 -1.101060000000000036e+04 -2.405700000000000000e+04 2.836797694320129085e+04 7.646956443786621094e+00 3.161954879760742188e-02
-1.023570000000000073e+04 -1.101870000000000073e+04 -2.405160000000000218e+04 2.836654308758823754e+04 7.678772926330566406e+00 3.181648254394531250e-02
-1.023030000000000109e+04 -1.099170000000000073e+04 -2.404080000000000291e+04 2.834495672284577813e+04 7.710439205169677734e+00 3.166627883911132812e-02
-1.023300000000000000e+04 -1.098630000000000109e+04 -2.405700000000000000e+04 2.835757968674336735e+04 7.742278814315795898e+00 3.183960914611816406e-02
-1.025460000000000036e+04 -1.096200000000000000e+04 -2.406510000000000218e+04 2.836285075887119092e+04 7.773920536041259766e+00 3.164172172546386719e-02
-1.025460000000000036e+04 -1.094580000000000109e+04 -2.408130000000000291e+04 2.837034311547888501e+04 7.805640220642089844e+00 3.171968460083007812e-02
-1.026000000000000000e+04 -1.094310000000000036e+04 -2.410830000000000291e+04 2.839417486915230256e+04 7.837344646453857422e+00 3.170442581176757812e-02
-1.024920000000000073e+04 -1.096740000000000146e+04 -2.412450000000000000e+04 2.841340288754587164e+04 7.869112014770507812e+00 3.176736831665039062e-02
-1.024650000000000000e+04 -1.097280000000000109e+04 -2.412180000000000291e+04 2.841222161904978930e+04 7.900835990905761719e+00 3.172397613525390625e-02
-1.021410000000000036e+04 -1.100520000000000073e+04 -2.409750000000000000e+04 2.839245977544038033e+04 7.932517528533935547e+00 3.168153762817382812e-02
-1.023300000000000000e+04 -1.099980000000000109e+04 -2.408400000000000000e+04 2.838571727189573721e+04 7.964242696762084961e+00 3.172516822814941406e-02
-1.021410000000000036e+04 -1.101870000000000073e+04 -2.405970000000000073e+04 2.836562625062242660e+04 7.995948553085327148e+00 3.170585632324218750e-02
-1.021950000000000000e+04 -1.101060000000000036e+04 -2.403810000000000218e+04 2.834610633261648036e+04 8.027672052383422852e+00 3.172349929809570312e-02
-1.026000000000000000e+04 -1.099440000000000146e+04 -2.404620000000000073e+04 2.836131459929176344e+04 8.059446334838867188e+00 3.177428245544433594e-02
-1.024920000000000073e+04 -1.097280000000000109e+04 -2.405700000000000000e+04 2.835820321317977869e+04 8.091109752655029297e+00 3.166341781616210938e-02
-1.025730000000000109e+04 -1.095120000000000073e+04 -2.406510000000000218e+04 2.835965484169368574e+04 8.122943401336669922e+00 3.183364868164062500e-02
-1.025730000000000109e+04 -1.095120000000000073e+04 -2.408940000000000146e+04 2.838027796005528944e+04 8.154659748077392578e+00 3.171634674072265625e-02
-1.024380000000000109e+04 -1.095390000000000146e+04 -2.411370000000000073e+04 2.839707540117467943e+04 8.186371326446533203e+00 3.171157836914062500e-02
-1.019520000000000073e+04 -1.096740000000000146e+04 -2.411100000000000000e+04 2.838249965735928708e+04 8.218042612075805664e+00 3.167128562927246094e-02
-1.023300000000000000e+04 -1.099440000000000146e+04 -2.408670000000000073e+04 2.838591617774561018e+04 8.249743461608886719e+00 3.170084953308105469e-02
-1.022490000000000146e+04 -1.101060000000000036e+04 -2.408130000000000291e+04 2.838469485585498114e+04 8.281458139419555664e+00 3.171467781066894531e-02
-1.022490000000000146e+04 -1.102140000000000146e+04 -2.405970000000000073e+04 2.837056576912064702e+04 8.313239097595214844e+00 3.178095817565917969e-02
-1.024920000000000073e+04 -1.100250000000000000e+04 -2.403540000000000146e+04 2.835139432285474322e+04 8.344991207122802734e+00 3.175210952758789062e-02
-1.024920000000000073e+04 -1.098900000000000000e+04 -2.404620000000000073e+04 2.835531618726901070e+04 8.376715421676635742e+00 3.172421455383300781e-02
-1.024920000000000073e+04 -1.096740000000000146e+04 -2.403000000000000000e+04 2.833321131463922211e+04 8.408338069915771484e+00 3.162264823913574219e-02
-1.026000000000000000e+04 -1.095660000000000036e+04 -2.405700000000000000e+04 2.835584476893608371e+04 8.440157413482666016e+00 3.181934356689453125e-02
-1.024380000000000109e+04 -1.095390000000000146e+04 -2.406510000000000218e+04 2.835581777448853973e+04 8.471791982650756836e+00 3.163456916809082031e-02
-1.023030000000000109e+04 -1.094850000000000000e+04 -2.408400000000000000e+04 2.836490342553628579e+04 8.503516197204589844e+00 3.172421455383300781e-02
-1.024110000000000036e+04 -1.096470000000000073e+04 -2.407590000000000146e+04 2.836818175544566111e+04 8.535271406173706055e+00 3.175520896911621094e-02
-1.022760000000000036e+04 -1.097820000000000073e+04 -2.410830000000000291e+04 2.839603503818799072e+04 8.566981315612792969e+00 3.170990943908691406e-02
-1.024110000000000036e+04 -1.100520000000000073e+04 -2.408130000000000291e+04 2.838844070990867476e+04 8.598762273788452148e+00 3.178095817565917969e-02
-1.020870000000000073e+04 -1.101330000000000109e+04 -2.405970000000000073e+04 2.836158487584923569e+04 8.630425930023193359e+00 3.166365623474121094e-02
-1.023300000000000000e+04 -1.101870000000000073e+04 -2.403000000000000000e+04 2.834725628151691126e+04 8.662137746810913086e+00 3.171181678771972656e-02
-1.024650000000000000e+04 -1.099440000000000146e+04 -2.403810000000000218e+04 2.834956516809384993e+04 8.693857669830322266e+00 3.171992301940917969e-02
-1.025460000000000036e+04 -1.098900000000000000e+04 -2.404890000000000146e+04 2.835955806020256205e+04 8.725585460662841797e+00 3.172779083251953125e-02
-1.025460000000000036e+04 -1.097010000000000036e+04 -2.404620000000000073e+04 2.834994972852685896e+04 8.757320404052734375e+00 3.173494338989257812e-02
-1.025190000000000146e+04 -1.095660000000000036e+04 -2.410290000000000146e+04 2.839187076576674372e+04 8.789111852645874023e+00 3.179144859313964844e-02
-1.024110000000000036e+04 -1.095660000000000036e+04 -2.409750000000000000e+04 2.838338808211591822e+04 8.820790052413940430e+00 3.167819976806640625e-02
-1.024650000000000000e+04 -1.095930000000000109e+04 -2.412180000000000291e+04 2.840701064842973210e+04 8.852548122406005859e+00 3.175806999206542969e-02
-1.023840000000000146e+04 -1.096740000000000146e+04 -2.409480000000000291e+04 2.838429291632962486e+04 8.884250402450561523e+00 3.170228004455566406e-02
-1.024920000000000073e+04 -1.098090000000000146e+04 -2.410290000000000146e+04 2.840028263697388320e+04 8.915890455245971680e+00 3.164005279541015625e-02
-1.022490000000000146e+04 -1.100250000000000000e+04 -2.405970000000000073e+04 2.836322884211175551e+04 8.947661876678466797e+00 3.177142143249511719e-02
-1.022220000000000073e+04 -1.101600000000000000e+04 -2.404620000000000073e+04 2.835604632666550242e+04 8.979378461837768555e+00 3.171658515930175781e-02
-1.020870000000000073e+04 -1.100520000000000073e+04 -2.403540000000000146e+04 2.833782694368077500e+04 9.011106014251708984e+00 3.172755241394042969e-02
-1.025190000000000146e+04 -1.098900000000000000e+04 -2.403810000000000218e+04 2.834942373700037206e+04 9.042810916900634766e+00 3.170490264892578125e-02
-1.024920000000000073e+04 -1.098360000000000036e+04 -2.405700000000000000e+04 2.836238386666396036e+04 9.074587583541870117e+00 3.177666664123535156e-02
-1.024650000000000000e+04 -1.095120000000000073e+04 -2.405970000000000073e+04 2.835116766166783418e+04 9.106323957443237305e+00 3.173637390136718750e-02
-1.025460000000000036e+04 -1.094850000000000000e+04 -2.409480000000000291e+04 2.838284447425944745e+04 9.138067722320556641e+00 3.174376487731933594e-02
-1.024110000000000036e+04 -1.095120000000000073e+04 -2.410830000000000291e+04 2.839047445077310113e+04 9.169764757156372070e+00 3.169703483581542969e-02
-1.023570000000000073e+04 -1.096740000000000146e+04 -2.411640000000000146e+04 2.840165780742384959e+04 9.201475381851196289e+00 3.171062469482421875e-02
-1.021950000000000000e+04 -1.098630000000000109e+04 -2.410290000000000146e+04 2.839166702308971799e+04 9.233146905899047852e+00 3.167152404785156250e-02
-1.021950000000000000e+04 -1.099440000000000146e+04 -2.410290000000000146e+04 2.839480234162583656e+04 9.264856338500976562e+00 3.170943260192871094e-02
-1.023300000000000000e+04 -1.101870000000000073e+04 -2.406780000000000291e+04 2.837930646668449117e+04 9.296569347381591797e+00 3.171300888061523438e-02
-1.022490000000000146e+04 -1.101330000000000109e+04 -2.404620000000000073e+04 2.835597099977357720e+04 9.328345060348510742e+00 3.177571296691894531e-02
-1.024650000000000000e+04 -1.100250000000000000e+04 -2.405430000000000291e+04 2.836644350266702168e+04 9.360045194625854492e+00 3.170013427734375000e-02
-1.024110000000000036e+04 -1.097820000000000073e+04 -2.404080000000000291e+04 2.834362484034108274e+04 9.391773462295532227e+00 3.172826766967773438e-02
-1.024920000000000073e+04 -1.095660000000000036e+04 -2.405430000000000291e+04 2.834964784066990978e+04 9.423502445220947266e+00 3.172898292541503906e-02
-1.025730000000000109e+04 -1.094850000000000000e+04 -2.410560000000000218e+04 2.839298869263325832e+04 9.455197095870971680e+00 3.169465065002441406e-02
-1.023840000000000146e+04 -1.101060000000000036e+04 -2.409750000000000000e+04 2.840330356085362291e+04 9.487017631530761719e+00 3.182053565979003906e-02
-1.023840000000000146e+04 -1.095660000000000036e+04 -2.412180000000000291e+04 2.840304831105281482e+04 9.518650293350219727e+00 3.163266181945800781e-02
-1.022760000000000036e+04 -1.098630000000000109e+04 -2.411100000000000000e+04 2.840145965351077029e+04 9.550504922866821289e+00 3.185462951660156250e-02
-1.021950000000000000e+04 -1.100250000000000000e+04 -2.409480000000000291e+04 2.839106503004070328e+04 9.582269191741943359e+00 3.176426887512207031e-02
-1.021140000000000146e+04 -1.101060000000000036e+04 -2.409750000000000000e+04 2.839358217220926963e+04 9.613909721374511719e+00 3.164052963256835938e-02
-1.021410000000000036e+04 -1.101600000000000000e+04 -2.406240000000000146e+04 2.836686779625131749e+04 9.645674943923950195e+00 3.176522254943847656e-02
-1.021140000000000146e+04 -1.102140000000000146e+04 -2.404620000000000073e+04 2.835425333807963398e+04 9.677319049835205078e+00 3.164410591125488281e-02
-1.024380000000000109e+04 -1.098900000000000000e+04 -2.406240000000000146e+04 2.836710512547940743e+04 9.709134101867675781e+00 3.181505203247070312e-02
-1.024380000000000109e+04 -1.096740000000000146e+04 -2.406510000000000218e+04 2.836103558070473809e+04 9.740833520889282227e+00 3.169941902160644531e-02
-1.024380000000000109e+04 -1.095930000000000109e+04 -2.408130000000000291e+04 2.837165318799735178e+04 9.772490024566650391e+00 3.165650367736816406e-02
-1.024920000000000073e+04 -1.094850000000000000e+04 -2.408670000000000073e+04 2.837401751215361583e+04 9.804237127304077148e+00 3.174710273742675781e-02
-1.024380000000000109e+04 -1.096740000000000146e+04 -2.410560000000000218e+04 2.839540900497825351e+04 9.836006879806518555e+00 3.176975250244140625e-02
-1.023300000000000000e+04 -1.096470000000000073e+04 -2.411100000000000000e+04 2.839505689534711928e+04 9.867737531661987305e+00 3.173065185546875000e-02
-1.022490000000000146e+04 -1.098360000000000036e+04 -2.412180000000000291e+04 2.840861285261918965e+04 9.899404525756835938e+00 3.166699409484863281e-02
-1.021950000000000000e+04 -1.100250000000000000e+04 -2.408670000000000073e+04 2.838419108218516703e+04 9.931120157241821289e+00 3.171563148498535156e-02
-1.023300000000000000e+04 -1.101330000000000109e+04 -2.407590000000000146e+04 2.838408051531703313e+04 9.962914466857910156e+00 3.179430961608886719e-02
